6.000000000000000000e+00 5.800000000000000000e+01 1.730000000000000000e+02 9.000000000000000000e+00 1.500000000000000000e+01 6.700000000000000400e-01
7.000000000000000000e+00 2.100000000000000000e+02 4.790000000000000000e+02 4.000000000000000000e+00 2.700000000000000000e+01 -2.000000000000000042e-02
8.000000000000000000e+00 2.020000000000000000e+02 5.040000000000000000e+02 4.000000000000000000e+00 1.400000000000000000e+01 -5.000000000000000278e-02
9.000000000000000000e+00 1.980000000000000000e+02 5.100000000000000000e+02 1.100000000000000000e+01 3.000000000000000000e+01 -8.399999999999999689e-01
1.000000000000000000e+01 1.580000000000000000e+02 4.160000000000000000e+02 7.000000000000000000e+00 1.600000000000000000e+01 -6.899999999999999467e-01
1.100000000000000000e+01 1.650000000000000000e+02 3.930000000000000000e+02 5.000000000000000000e+00 1.400000000000000000e+01 2.999999999999999889e-01
1.200000000000000000e+01 2.010000000000000000e+02 4.420000000000000000e+02 5.000000000000000000e+00 2.500000000000000000e+01 -4.600000000000000200e-01
1.300000000000000000e+01 1.570000000000000000e+02 3.170000000000000000e+02 5.000000000000000000e+00 5.200000000000000000e+01 -2.999999999999999889e-02
1.400000000000000000e+01 1.310000000000000000e+02 3.110000000000000000e+02 6.000000000000000000e+00 1.600000000000000000e+01 5.000000000000000000e-01
1.500000000000000000e+01 1.660000000000000000e+02 4.000000000000000000e+02 6.000000000000000000e+00 3.400000000000000000e+01 7.299999999999999822e-01
1.600000000000000000e+01 1.600000000000000000e+02 3.370000000000000000e+02 5.000000000000000000e+00 3.100000000000000000e+01 -5.200000000000000178e-01
1.700000000000000000e+01 1.860000000000000000e+02 4.230000000000000000e+02 9.000000000000000000e+00 4.200000000000000000e+01 9.000000000000000222e-01
1.800000000000000000e+01 1.250000000000000000e+02 3.340000000000000000e+02 8.000000000000000000e+00 2.600000000000000000e+01 4.000000000000000222e-01
1.900000000000000000e+01 2.180000000000000000e+02 5.330000000000000000e+02 6.000000000000000000e+00 1.600000000000000000e+01 -7.800000000000000266e-01
2.000000000000000000e+01 1.460000000000000000e+02 3.440000000000000000e+02 5.000000000000000000e+00 2.200000000000000000e+01 -5.600000000000000533e-01
